16 0 0 1 0
32 0 0 1 0
64 0 0 1 0
128 0 0 1 0
256 0 0 1 0
512 0 0 1 0
1024 0 0 1 0
2048 0 0 1 0
4096 0 0 1 0
8192 0 0 1 0
16384 0 0 1 0
32768 0 0 1 0
65536 0 0 1 0
131072 0 0 1 0
16 0 0 1 1
32 0 0 1 1
64 0 0 1 1
128 0 0 1 1
256 0 0 1 1
512 0 0 1 1
1024 0 0 1 1
2048 0 0 1 1
4096 0 0 1 1
8192 0 0 1 1
16384 0 0 1 1
32768 0 0 1 1
65536 0 0 1 1
131072 0 0 1 1
16 0 0 1 2
32 0 0 1 2
64 0 0 1 2
128 0 0 1 2
256 0 0 1 2
512 0 0 1 2
1024 0 0 1 2
2048 0 0 1 2
4096 0 0 1 2
8192 0 0 1 2
16384 0 0 1 2
32768 0 0 1 2
65536 0 0 1 2
131072 0 0 1 2
16 0 0 1 3
32 0 0 1 3
64 0 0 1 3
128 0 0 1 3
256 0 0 1 3
512 0 0 1 3
1024 0 0 1 3
2048 0 0 1 3
4096 0 0 1 3
8192 0 0 1 3
16384 0 0 1 3
32768 0 0 1 3
65536 0 0 1 3
131072 0 0 1 3
